    1.0000    8.0842    1.0000
    1.2000    9.1120    1.0000
    1.4000   15.4737    1.0000
    1.6000   13.5715    1.0000
    1.8000    7.3939    1.0000
    2.0000   14.3914    1.0000
    2.2000   10.0327    1.0000
    2.4000   15.6589    1.0000
    2.6000   10.4774    1.0000
    2.8000   14.5268    1.0000
    3.0000   16.1387    1.0000
    3.2000   12.1190    1.0000
    3.4000   10.4035    1.0000
    3.6000    8.7005    1.0000
    3.8000   12.5998    1.0000
    4.0000   13.6079    1.0000
    4.2000   15.4841    1.0000
    4.4000   16.8108    1.0000
    4.6000   18.0103    1.0000
    4.8000   16.3258    1.0000
    5.0000   11.8863    1.0000
    5.2000   10.9331    1.0000
    5.4000   13.4544    1.0000
    5.6000   14.1249    1.0000
    5.8000   15.1307    1.0000
    6.0000   15.8936    1.0000
    6.2000   15.3311    1.0000
    6.4000   20.0453    1.0000
    6.6000   12.6415    1.0000
    6.8000   17.8652    1.0000
    7.0000   13.3694    1.0000
    7.2000   14.1503    1.0000
    7.4000   19.0089    1.0000
    7.6000   15.1058    1.0000
    7.8000   16.9100    1.0000
    8.0000   16.5411    1.0000
    8.2000   13.9565    1.0000
    8.4000   22.3340    1.0000
    8.6000   13.8272    1.0000
    8.8000   16.5913    1.0000
    9.0000   23.1181    1.0000
    9.2000   22.7802    1.0000
    9.4000   18.7413    1.0000
    9.6000   19.1068    1.0000
    9.8000   21.7763    1.0000
   10.0000   19.1631    1.0000
   10.2000   19.2271    1.0000
   10.4000   23.1572    1.0000
   10.6000   18.7267    1.0000
   10.8000   24.8248    1.0000
   11.0000   16.9423    1.0000
   11.2000   20.1395    1.0000
   11.4000   20.0836    1.0000
   11.6000   24.1614    1.0000
   11.8000   20.9966    1.0000
   12.0000   21.7103    1.0000
   12.2000   26.0555    1.0000
   12.4000   24.3676    1.0000
   12.6000   17.6703    1.0000
   12.8000   19.2613    1.0000
   13.0000   18.0114    1.0000
   13.2000   26.6469    1.0000
   13.4000   20.5341    1.0000
   13.6000   24.4667    1.0000
   13.8000   25.9005    1.0000
   14.0000   27.7365    1.0000
   14.2000   23.6963    1.0000
   14.4000   21.9081    1.0000
   14.6000   28.6597    1.0000
   14.8000   25.0356    1.0000
   15.0000   20.7211    1.0000
   15.2000   24.3885    1.0000
   15.4000   25.9859    1.0000
   15.6000   29.3057    1.0000
   15.8000   30.1120    1.0000
   16.0000   29.5915    1.0000
   16.2000   28.4462    1.0000
   16.4000   30.4978    1.0000
   16.6000   30.1808    1.0000
   16.8000   27.1918    1.0000
   17.0000   27.1433    1.0000
   17.2000   24.0266    1.0000
   17.4000   31.2564    1.0000
   17.6000   26.9159    1.0000
   17.8000   25.7218    1.0000
   18.0000   27.4179    1.0000
   18.2000   25.7521    1.0000
   18.4000   26.1154    1.0000
   18.6000   25.3615    1.0000
   18.8000   31.5795    1.0000
   19.0000   28.5902    1.0000
   19.2000   32.3989    1.0000
   19.4000   30.3207    1.0000
   19.6000   30.7966    1.0000
   19.8000   32.5131    1.0000
   20.0000   30.5200    1.0000
   20.2000   26.4729    1.0000
   20.4000   33.6557    1.0000
   20.6000   32.4224    1.0000
   20.8000   29.7673    1.0000
    1.0000   -8.7224   -1.0000
    1.2000   -8.0502   -1.0000
    1.4000   -5.4528   -1.0000
    1.6000  -10.0929   -1.0000
    1.8000  -13.0403   -1.0000
    2.0000   -8.6143   -1.0000
    2.2000   -8.1952   -1.0000
    2.4000   -7.5119   -1.0000
    2.6000   -9.0011   -1.0000
    2.8000   -7.1593   -1.0000
    3.0000  -10.6178   -1.0000
    3.2000   -2.8980   -1.0000
    3.4000   -7.2204   -1.0000
    3.6000   -8.0962   -1.0000
    3.8000   -5.1974   -1.0000
    4.0000   -7.3830   -1.0000
    4.2000   -8.1798   -1.0000
    4.4000   -3.6517   -1.0000
    4.6000   -1.3414   -1.0000
    4.8000   -7.4984   -1.0000
    5.0000   -4.0220   -1.0000
    5.2000   -8.3234   -1.0000
    5.4000   -3.8141   -1.0000
    5.6000    0.2067   -1.0000
    5.8000   -5.2626   -1.0000
    6.0000   -0.9374   -1.0000
    6.2000   -2.0165   -1.0000
    6.4000    0.9921   -1.0000
    6.6000    1.3334   -1.0000
    6.8000   -2.0569   -1.0000
    7.0000   -4.0692   -1.0000
    7.2000   -0.4392   -1.0000
    7.4000   -4.9701   -1.0000
    7.6000   -2.5873   -1.0000
    7.8000   -1.6411   -1.0000
    8.0000   -4.5008   -1.0000
    8.2000   -2.8963   -1.0000
    8.4000   -0.7821   -1.0000
    8.6000    0.3288   -1.0000
    8.8000   -3.3726   -1.0000
    9.0000   -0.2992   -1.0000
    9.2000   -4.3599   -1.0000
    9.4000   -5.0527   -1.0000
    9.6000    2.7167   -1.0000
    9.8000    2.4715   -1.0000
   10.0000    0.6776   -1.0000
   10.2000    0.9692   -1.0000
   10.4000    0.1085   -1.0000
   10.6000    1.8439   -1.0000
   10.8000    3.7520   -1.0000
   11.0000    5.7132   -1.0000
   11.2000    2.3368   -1.0000
   11.4000    6.3464   -1.0000
   11.6000    4.3656   -1.0000
   11.8000   -1.2120   -1.0000
   12.0000    5.8489   -1.0000
   12.2000    2.8168   -1.0000
   12.4000    2.7648   -1.0000
   12.6000   -1.2071   -1.0000
   12.8000    1.9750   -1.0000
   13.0000    5.7378   -1.0000
   13.2000    4.4648   -1.0000
   13.4000    0.6756   -1.0000
   13.6000    6.0006   -1.0000
   13.8000    5.5662   -1.0000
   14.0000    7.1874   -1.0000
   14.2000    7.0073   -1.0000
   14.4000    1.3215   -1.0000
   14.6000    3.5461   -1.0000
   14.8000    7.8312   -1.0000
   15.0000    4.8075   -1.0000
   15.2000    1.0902   -1.0000
   15.4000    1.4237   -1.0000
   15.6000    0.7085   -1.0000
   15.8000    3.3155   -1.0000
   16.0000    2.8861   -1.0000
   16.2000   10.7034   -1.0000
   16.4000    9.1726   -1.0000
   16.6000    7.3514   -1.0000
   16.8000    9.9945   -1.0000
   17.0000    7.2609   -1.0000
   17.2000    9.7277   -1.0000
   17.4000   11.5423   -1.0000
   17.6000    9.6296   -1.0000
   17.8000    9.4551   -1.0000
   18.0000    4.7389   -1.0000
   18.2000   11.0213   -1.0000
   18.4000   12.7146   -1.0000
   18.6000    5.2880   -1.0000
   18.8000    9.9857   -1.0000
   19.0000   13.3459   -1.0000
   19.2000   10.3424   -1.0000
   19.4000    6.7337   -1.0000
   19.6000    5.3488   -1.0000
   19.8000    6.3538   -1.0000
   20.0000    8.4794   -1.0000
   20.2000   11.1212   -1.0000
   20.4000   14.1525   -1.0000
   20.6000   15.3510   -1.0000
   20.8000    8.3272   -1.0000